5909610031	10.0
5909610247	60.5
5909610296	11.4
5909610312	0.0
5909610361	0.0
5909610379	0.0
5909610387	0.0
5909610395	0.0
5909610411	0.0
5909610429	0.0
5909610437	0.0
5909610452	0.0
5909610460	0.0
5909610494	0.0
5909610536	0.0
5909610544	0.0
5909610577	0.0
5909610601	0.0
5909610627	0.0
5909610643	0.0
5909610650	0.0
5909610700	0.0
5909610726	0.0
5909610734	0.0
5909610742	0.0
5909610759	0.0
5909680018	0.0
5909680026	0.0
5909680034	0.0
5909680042	0.0
5909680059	0.0
5909680067	0.0
5909680083	0.0
5909680091	0.0
5909680109	0.0
5909680117	0.0
5909680125	0.0
